name: wassncplot
channels:
  - conda-forge
  - defaults
dependencies:
  - blas=1.1=openblas
  - bzip2=1.0.6=h14c3975_1002
  - ca-certificates=2019.3.9=hecc5488_0
  - cairo=1.14.12=h80bd089_1005
  - certifi=2019.3.9=py36_0
  - cftime=1.0.3.4=py36h3010b51_1000
  - curl=7.64.1=hf8cf82a_0
  - dbus=1.13.2=h714fa37_1
  - expat=2.2.5=hf484d3e_1002
  - ffmpeg=4.1=ha0c5888_0
  - fontconfig=2.13.1=he4413a7_1000
  - freetype=2.10.0=he983fc9_0
  - gettext=0.19.8.1=hc5be6a0_1002
  - giflib=5.1.7=h516909a_1
  - glib=2.56.2=had28632_1001
  - gmp=6.1.2=hf484d3e_1000
  - gnutls=3.5.19=h2a4e5f8_1
  - graphite2=1.3.13=hf484d3e_1000
  - gst-plugins-base=1.14.0=hbbd80ab_1
  - gstreamer=1.14.0=hb453b48_1
  - harfbuzz=1.9.0=he243708_1001
  - hdf4=4.2.13=h9a582f1_1002
  - hdf5=1.10.4=nompi_h3c11f04_1106
  - icu=58.2=hf484d3e_1000
  - intel-openmp=2019.3=199
  - jasper=1.900.1=h07fcdf6_1006
  - jpeg=9c=h14c3975_1001
  - krb5=1.16.3=h05b26f9_1001
  - libblas=3.8.0=5_h6e990d7_netlib
  - libcblas=3.8.0=5_h6e990d7_netlib
  - libcurl=7.64.1=hda55be3_0
  - libedit=3.1.20170329=hf8c457e_1001
  - libffi=3.2.1=he1b5a44_1006
  - libgcc-ng=8.2.0=hdf63c60_1
  - libgfortran=3.0.0=1
  - libgfortran-ng=7.3.0=hdf63c60_0
  - libiconv=1.15=h516909a_1005
  - liblapack=3.8.0=5_h6e990d7_netlib
  - liblapacke=3.8.0=5_h6e990d7_netlib
  - libnetcdf=4.6.2=hbdf4f91_1001
  - libopenblas=0.2.20=h9ac9557_7
  - libpng=1.6.36=h84994c4_1000
  - libssh2=1.8.2=h22169c7_2
  - libstdcxx-ng=8.2.0=hdf63c60_1
  - libtiff=4.0.10=h648cc4a_1001
  - libuuid=2.32.1=h14c3975_1000
  - libwebp=1.0.2=h99fbfcb_2
  - libxcb=1.13=h14c3975_1002
  - libxml2=2.9.8=h143f9aa_1005
  - mkl=2019.3=199
  - mkl_fft=1.0.10=py36_0
  - mkl_random=1.0.2=py36_0
  - ncurses=6.1=hf484d3e_1002
  - netcdf4=1.5.0.1=py36had58050_0
  - nettle=3.3=0
  - numpy=1.16.2=py36_blas_openblash1522bff_0
  - numpy-base=1.14.3=py36h2b20989_0
  - openblas=0.3.3=h9ac9557_1001
  - opencv=3.4.4=py36_blas_openblash85ad109_1203
  - openh264=1.8.0=hdbcaa40_1000
  - openssl=1.1.1b=h14c3975_1
  - pcre=8.43=he6710b0_0
  - pip=19.0.3=py36_0
  - pixman=0.34.0=h14c3975_1003
  - pthread-stubs=0.4=h14c3975_1001
  - python=3.6.7=h381d211_1004
  - qt=5.6.3=h8bf5577_3
  - readline=7.0=hf8c457e_1001
  - scipy=1.2.1=py36_blas_openblash1522bff_0
  - setuptools=40.8.0=py36_0
  - sqlite=3.26.0=h67949de_1001
  - tk=8.6.9=h84994c4_1001
  - tqdm=4.31.1=py_0
  - vispy=0.5.3=py36h9f7a459_1000
  - wheel=0.33.1=py36_0
  - x264=1!152.20180806=h14c3975_0
  - xorg-kbproto=1.0.7=h14c3975_1002
  - xorg-libice=1.0.9=h516909a_1004
  - xorg-libsm=1.2.3=h84519dc_1000
  - xorg-libx11=1.6.7=h14c3975_1000
  - xorg-libxau=1.0.9=h14c3975_0
  - xorg-libxdmcp=1.1.3=h516909a_0
  - xorg-libxext=1.3.4=h516909a_0
  - xorg-libxrender=0.9.10=h516909a_1002
  - xorg-renderproto=0.11.1=h14c3975_1002
  - xorg-xextproto=7.3.0=h14c3975_1002
  - xorg-xproto=7.0.31=h14c3975_1007
  - xz=5.2.4=h14c3975_1001
  - zlib=1.2.11=h14c3975_1004

