name: wassncplot
channels:
  - conda-forge
  - defaults
dependencies:
  - blas=2.4=openblas
  - bzip2=1.0.6=h1de35cc_1002
  - ca-certificates=2019.3.9=hecc5488_0
  - cairo=1.16.0=h9247486_1000
  - certifi=2019.3.9=py36_0
  - cftime=1.0.3.4=py36h917ab60_1000
  - curl=7.64.0=h22ea746_4
  - ffmpeg=4.1.1=h5c2b479_0
  - fontconfig=2.13.1=h1027ab8_1000
  - freetype=2.10.0=h24853df_0
  - gettext=0.19.8.1=h46ab8bc_1002
  - giflib=5.1.7=h01d97ff_1
  - glib=2.58.3=h2836805_1001
  - gmp=6.1.2=h0a44026_1000
  - gnutls=3.6.5=h53004b3_1002
  - graphite2=1.3.13=h2098e52_1000
  - harfbuzz=2.3.1=h47be33e_0
  - hdf4=4.2.13=hf3c6af0_1002
  - hdf5=1.8.17=11
  - icu=58.2=h0a44026_1000
  - jasper=1.900.1=h636a363_1006
  - jpeg=9c=h1de35cc_1001
  - krb5=1.16.3=hcfa6398_1001
  - lame=3.100=h1de35cc_1001
  - libblas=3.8.0=4_openblas
  - libcblas=3.8.0=4_openblas
  - libcurl=7.64.0=h16faf7d_4
  - libcxx=4.0.1=hcfea43d_1
  - libcxxabi=4.0.1=hcfea43d_1
  - libedit=3.1.20170329=hcfe32e1_1001
  - libffi=3.2.1=h6de7cb9_1006
  - libgfortran=3.0.1=0
  - libiconv=1.15=h01d97ff_1005
  - liblapack=3.8.0=4_openblas
  - liblapacke=3.8.0=4_openblas
  - libnetcdf=4.4.1=0
  - libpng=1.6.36=ha441bb4_1000
  - libssh2=1.8.2=hcdc9a53_1
  - libtiff=4.0.10=h79f4b77_1001
  - libwebp=1.0.2=h14d73da_2
  - libxml2=2.9.8=hf14e9c8_1005
  - ncurses=6.1=h0a44026_1002
  - netcdf4=1.2.8=np111py36_0
  - nettle=3.4.1=h3efe00b_1002
  - numpy=1.11.3=py36hdf140aa_1207
  - openblas=0.3.5=h436c29b_1001
  - opencv=3.1.0=np111py36_1
  - openh264=1.8.0=hd9629dc_1000
  - openssl=1.1.1b=h01d97ff_2
  - pcre=8.41=h0a44026_1003
  - pip=19.0.3=py36_0
  - pixman=0.34.0=h1de35cc_1003
  - python=3.6.7=h8dc6b48_1004
  - readline=7.0=hcfe32e1_1001
  - scipy=1.2.1=py36hbd7caa9_1
  - setuptools=40.8.0=py36_0
  - sqlite=3.26.0=h1765d9f_1001
  - tk=8.6.9=ha441bb4_1000
  - tqdm=4.31.1=py_0
  - vispy=0.5.3=py36h9f7a459_1000
  - wheel=0.33.1=py36_0
  - x264=1!152.20180806=h1de35cc_0
  - xz=5.2.4=h1de35cc_1001
  - zlib=1.2.11=h1de35cc_1004
prefix: /Users/fibe/miniconda3/envs/wassncplot

